; One-to-n matrix alignment; reference matrix: oligos_6nt_mkv2_m1_shift2	; 6 matrices	; sort_field=Ncor
; oligos_6nt_mkv2_m1; m=0 (reference); ncol1=12; shift=2; ncol=16; --dasCACGTGsth--
; Alignment reference
a	0	0	60	65	26	6	205	1	5	1	1	18	49	57	0	0
c	0	0	39	47	59	200	1	202	0	1	1	105	46	52	0	0
g	0	0	52	47	105	1	1	0	202	1	200	57	47	38	0	0
t	0	0	57	49	18	1	1	5	1	205	6	28	66	61	0	0
//
; oligos_6nt_mkv2_m1 versus oligos_6nt_mkv2_m1; m=1/5; ncol2=12; w=12; offset=0; strand=D; shift=2; score=      1; --dasCACGTGsth--
; cor=<NA>; Ncor=<NA>
a	0	0	60	65	26	6	205	1	5	1	1	18	49	57	0	0
c	0	0	39	47	59	200	1	202	0	1	1	105	46	52	0	0
g	0	0	52	47	105	1	1	0	202	1	200	57	47	38	0	0
t	0	0	57	49	18	1	1	5	1	205	6	28	66	61	0	0
//
; oligos_6nt_mkv2_m1 versus oligos_6nt_mkv2_m2_rc; m=2/5; ncol2=13; w=12; offset=-1; strand=R; shift=1; score=0.902462; -ywcsCACGTGctw--
; cor=<NA>; Ncor=<NA>
a	0	37	51	39	22	6	171	2	5	0	4	11	37	51	0	0
c	0	54	31	72	91	164	1	171	3	2	3	111	33	44	0	0
g	0	36	42	30	45	2	2	3	166	0	167	35	40	32	0	0
t	0	50	53	36	19	5	3	1	3	175	3	20	67	50	0	0
//
; oligos_6nt_mkv2_m1 versus positions_6nt; m=3/5; ncol2=10; w=10; offset=2; strand=D; shift=4; score= 0.7759; ----scACGTGCwy--
; cor=<NA>; Ncor=<NA>
a	0	0	0	0	28	20	134	0	0	7	16	2	45	29	0	0
c	0	0	0	0	45	80	2	136	0	1	0	129	22	36	0	0
g	0	0	0	0	39	8	0	0	136	3	120	0	29	30	0	0
t	0	0	0	0	24	28	0	0	0	125	0	5	40	41	0	0
//
; oligos_6nt_mkv2_m1 versus oligos_7nt_mkv2_m1; m=4/5; ncol2=16; w=12; offset=-2; strand=D; shift=0; score=0.723065; wtgaGCACGTGCtcaw
; cor=<NA>; Ncor=<NA>
a	55	42	41	96	10	9	163	8	9	2	5	12	26	41	48	48
c	27	39	39	26	30	152	4	152	1	1	4	118	22	49	41	40
g	40	41	49	22	118	4	1	1	152	4	152	30	26	39	39	27
t	48	48	41	26	12	5	2	9	8	163	9	10	96	41	42	55
//
; oligos_6nt_mkv2_m1 versus oligos_7nt_mkv2_m2_rc; m=5/5; ncol2=16; w=12; offset=-2; strand=R; shift=0; score=0.70784; wywcCCACGTGCtyrh
; cor=<NA>; Ncor=<NA>
a	42	28	37	33	7	6	140	3	4	1	5	5	25	32	43	46
c	28	42	29	63	103	134	1	140	5	5	3	109	22	40	36	38
g	31	35	34	26	27	1	3	2	133	0	132	19	26	36	38	18
t	46	42	47	25	10	6	3	2	5	141	7	14	74	39	30	45
//
;
; One-to-n matrix alignment; reference matrix: oligos_7nt_mkv2_m1_shift0	; 6 matrices	; sort_field=Ncor
; oligos_7nt_mkv2_m1; m=0 (reference); ncol1=16; shift=0; ncol=16; wtgaGCACGTGCtcaw
; Alignment reference
a	55	42	41	96	10	9	163	8	9	2	5	12	26	41	48	48
c	27	39	39	26	30	152	4	152	1	1	4	118	22	49	41	40
g	40	41	49	22	118	4	1	1	152	4	152	30	26	39	39	27
t	48	48	41	26	12	5	2	9	8	163	9	10	96	41	42	55
//
; oligos_7nt_mkv2_m1 versus oligos_7nt_mkv2_m1; m=1/5; ncol2=16; w=16; offset=0; strand=D; shift=0; score=      1; wtgaGCACGTGCtcaw
; cor=<NA>; Ncor=<NA>
a	55	42	41	96	10	9	163	8	9	2	5	12	26	41	48	48
c	27	39	39	26	30	152	4	152	1	1	4	118	22	49	41	40
g	40	41	49	22	118	4	1	1	152	4	152	30	26	39	39	27
t	48	48	41	26	12	5	2	9	8	163	9	10	96	41	42	55
//
; oligos_7nt_mkv2_m1 versus oligos_7nt_mkv2_m2; m=2/5; ncol2=16; w=16; offset=0; strand=D; shift=0; score=0.912297; dyraGCACGTGGgwrw
; cor=<NA>; Ncor=<NA>
a	45	30	39	74	14	7	141	5	2	3	6	10	25	47	42	46
c	18	38	36	26	19	132	0	133	2	3	1	27	26	34	35	31
g	38	36	40	22	109	3	5	5	140	1	134	103	63	29	42	28
t	46	43	32	25	5	5	1	4	3	140	6	7	33	37	28	42
//
; oligos_7nt_mkv2_m1 versus oligos_6nt_mkv2_m2_rc; m=3/5; ncol2=13; w=13; offset=1; strand=R; shift=1; score=0.756497; -ywcsCACGTGctw--
; cor=<NA>; Ncor=<NA>
a	0	37	51	39	22	6	171	2	5	0	4	11	37	51	0	0
c	0	54	31	72	91	164	1	171	3	2	3	111	33	44	0	0
g	0	36	42	30	45	2	2	3	166	0	167	35	40	32	0	0
t	0	50	53	36	19	5	3	1	3	175	3	20	67	50	0	0
//
; oligos_7nt_mkv2_m1 versus oligos_6nt_mkv2_m1_rc; m=4/5; ncol2=12; w=12; offset=2; strand=R; shift=2; score=0.723065; --dasCACGTGsth--
; cor=<NA>; Ncor=<NA>
a	0	0	61	66	28	6	205	1	5	1	1	18	49	57	0	0
c	0	0	38	47	57	200	1	202	0	1	1	105	47	52	0	0
g	0	0	52	46	105	1	1	0	202	1	200	59	47	39	0	0
t	0	0	57	49	18	1	1	5	1	205	6	26	65	60	0	0
//
; oligos_7nt_mkv2_m1 versus positions_6nt_rc; m=5/5; ncol2=10; w=10; offset=2; strand=R; shift=2; score=0.579174; --rwGCACGTgs----
; cor=<NA>; Ncor=<NA>
a	0	0	41	40	5	0	125	0	0	0	28	24	0	0	0	0
c	0	0	30	29	0	120	3	136	0	0	8	39	0	0	0	0
g	0	0	36	22	129	0	1	0	136	2	80	45	0	0	0	0
t	0	0	29	45	2	16	7	0	0	134	20	28	0	0	0	0
//
;
; One-to-n matrix alignment; reference matrix: oligos_6nt_mkv2_m2_shift2	; 6 matrices	; sort_field=Ncor
; oligos_6nt_mkv2_m2; m=0 (reference); ncol1=13; shift=2; ncol=16; --wagCACGTGsgwr-
; Alignment reference
a	0	0	50	67	20	3	175	3	1	3	5	19	36	53	50	0
c	0	0	32	40	35	167	0	166	3	2	2	45	30	42	36	0
g	0	0	44	33	111	3	2	3	171	1	164	91	72	31	54	0
t	0	0	51	37	11	4	0	5	2	171	6	22	39	51	37	0
//
; oligos_6nt_mkv2_m2 versus oligos_6nt_mkv2_m2; m=1/5; ncol2=13; w=13; offset=0; strand=D; shift=2; score=      1; --wagCACGTGsgwr-
; cor=<NA>; Ncor=<NA>
a	0	0	50	67	20	3	175	3	1	3	5	19	36	53	50	0
c	0	0	32	40	35	167	0	166	3	2	2	45	30	42	36	0
g	0	0	44	33	111	3	2	3	171	1	164	91	72	31	54	0
t	0	0	51	37	11	4	0	5	2	171	6	22	39	51	37	0
//
; oligos_6nt_mkv2_m2 versus oligos_6nt_mkv2_m1_rc; m=2/5; ncol2=12; w=12; offset=0; strand=R; shift=2; score=0.902462; --dasCACGTGsth--
; cor=<NA>; Ncor=<NA>
a	0	0	61	66	28	6	205	1	5	1	1	18	49	57	0	0
c	0	0	38	47	57	200	1	202	0	1	1	105	47	52	0	0
g	0	0	52	46	105	1	1	0	202	1	200	59	47	39	0	0
t	0	0	57	49	18	1	1	5	1	205	6	26	65	60	0	0
//
; oligos_6nt_mkv2_m2 versus oligos_7nt_mkv2_m2; m=3/5; ncol2=16; w=13; offset=-2; strand=D; shift=0; score=0.802406; dyraGCACGTGGgwrw
; cor=<NA>; Ncor=<NA>
a	45	30	39	74	14	7	141	5	2	3	6	10	25	47	42	46
c	18	38	36	26	19	132	0	133	2	3	1	27	26	34	35	31
g	38	36	40	22	109	3	5	5	140	1	134	103	63	29	42	28
t	46	43	32	25	5	5	1	4	3	140	6	7	33	37	28	42
//
; oligos_6nt_mkv2_m2 versus oligos_7nt_mkv2_m1; m=4/5; ncol2=16; w=13; offset=-2; strand=D; shift=0; score=0.756497; wtgaGCACGTGCtcaw
; cor=<NA>; Ncor=<NA>
a	55	42	41	96	10	9	163	8	9	2	5	12	26	41	48	48
c	27	39	39	26	30	152	4	152	1	1	4	118	22	49	41	40
g	40	41	49	22	118	4	1	1	152	4	152	30	26	39	39	27
t	48	48	41	26	12	5	2	9	8	163	9	10	96	41	42	55
//
; oligos_6nt_mkv2_m2 versus positions_6nt_rc; m=5/5; ncol2=10; w=10; offset=0; strand=R; shift=2; score=0.731644; --rwGCACGTgs----
; cor=<NA>; Ncor=<NA>
a	0	0	41	40	5	0	125	0	0	0	28	24	0	0	0	0
c	0	0	30	29	0	120	3	136	0	0	8	39	0	0	0	0
g	0	0	36	22	129	0	1	0	136	2	80	45	0	0	0	0
t	0	0	29	45	2	16	7	0	0	134	20	28	0	0	0	0
//
;
; One-to-n matrix alignment; reference matrix: positions_6nt_shift4	; 6 matrices	; sort_field=Ncor
; positions_6nt; m=0 (reference); ncol1=10; shift=4; ncol=16; ----scACGTGCwy--
; Alignment reference
a	0	0	0	0	28	20	134	0	0	7	16	2	45	29	0	0
c	0	0	0	0	45	80	2	136	0	1	0	129	22	36	0	0
g	0	0	0	0	39	8	0	0	136	3	120	0	29	30	0	0
t	0	0	0	0	24	28	0	0	0	125	0	5	40	41	0	0
//
; positions_6nt versus positions_6nt; m=1/5; ncol2=10; w=10; offset=0; strand=D; shift=4; score=      1; ----scACGTGCwy--
; cor=<NA>; Ncor=<NA>
a	0	0	0	0	28	20	134	0	0	7	16	2	45	29	0	0
c	0	0	0	0	45	80	2	136	0	1	0	129	22	36	0	0
g	0	0	0	0	39	8	0	0	136	3	120	0	29	30	0	0
t	0	0	0	0	24	28	0	0	0	125	0	5	40	41	0	0
//
; positions_6nt versus oligos_6nt_mkv2_m1; m=2/5; ncol2=12; w=10; offset=-2; strand=D; shift=2; score= 0.7759; --dasCACGTGsth--
; cor=<NA>; Ncor=<NA>
a	0	0	60	65	26	6	205	1	5	1	1	18	49	57	0	0
c	0	0	39	47	59	200	1	202	0	1	1	105	46	52	0	0
g	0	0	52	47	105	1	1	0	202	1	200	57	47	38	0	0
t	0	0	57	49	18	1	1	5	1	205	6	28	66	61	0	0
//
; positions_6nt versus oligos_6nt_mkv2_m2_rc; m=3/5; ncol2=13; w=10; offset=-3; strand=R; shift=1; score=0.731644; -ywcsCACGTGctw--
; cor=<NA>; Ncor=<NA>
a	0	37	51	39	22	6	171	2	5	0	4	11	37	51	0	0
c	0	54	31	72	91	164	1	171	3	2	3	111	33	44	0	0
g	0	36	42	30	45	2	2	3	166	0	167	35	40	32	0	0
t	0	50	53	36	19	5	3	1	3	175	3	20	67	50	0	0
//
; positions_6nt versus oligos_7nt_mkv2_m2_rc; m=4/5; ncol2=16; w=10; offset=-4; strand=R; shift=0; score=0.588978; wywcCCACGTGCtyrh
; cor=<NA>; Ncor=<NA>
a	42	28	37	33	7	6	140	3	4	1	5	5	25	32	43	46
c	28	42	29	63	103	134	1	140	5	5	3	109	22	40	36	38
g	31	35	34	26	27	1	3	2	133	0	132	19	26	36	38	18
t	46	42	47	25	10	6	3	2	5	141	7	14	74	39	30	45
//
; positions_6nt versus oligos_7nt_mkv2_m1; m=5/5; ncol2=16; w=10; offset=-4; strand=D; shift=0; score=0.579174; wtgaGCACGTGCtcaw
; cor=<NA>; Ncor=<NA>
a	55	42	41	96	10	9	163	8	9	2	5	12	26	41	48	48
c	27	39	39	26	30	152	4	152	1	1	4	118	22	49	41	40
g	40	41	49	22	118	4	1	1	152	4	152	30	26	39	39	27
t	48	48	41	26	12	5	2	9	8	163	9	10	96	41	42	55
//
;
; One-to-n matrix alignment; reference matrix: oligos_7nt_mkv2_m2_shift0	; 6 matrices	; sort_field=Ncor
; oligos_7nt_mkv2_m2; m=0 (reference); ncol1=16; shift=0; ncol=16; dyraGCACGTGGgwrw
; Alignment reference
a	45	30	39	74	14	7	141	5	2	3	6	10	25	47	42	46
c	18	38	36	26	19	132	0	133	2	3	1	27	26	34	35	31
g	38	36	40	22	109	3	5	5	140	1	134	103	63	29	42	28
t	46	43	32	25	5	5	1	4	3	140	6	7	33	37	28	42
//
; oligos_7nt_mkv2_m2 versus oligos_7nt_mkv2_m2; m=1/5; ncol2=16; w=16; offset=0; strand=D; shift=0; score=      1; dyraGCACGTGGgwrw
; cor=<NA>; Ncor=<NA>
a	45	30	39	74	14	7	141	5	2	3	6	10	25	47	42	46
c	18	38	36	26	19	132	0	133	2	3	1	27	26	34	35	31
g	38	36	40	22	109	3	5	5	140	1	134	103	63	29	42	28
t	46	43	32	25	5	5	1	4	3	140	6	7	33	37	28	42
//
; oligos_7nt_mkv2_m2 versus oligos_7nt_mkv2_m1; m=2/5; ncol2=16; w=16; offset=0; strand=D; shift=0; score=0.912297; wtgaGCACGTGCtcaw
; cor=<NA>; Ncor=<NA>
a	55	42	41	96	10	9	163	8	9	2	5	12	26	41	48	48
c	27	39	39	26	30	152	4	152	1	1	4	118	22	49	41	40
g	40	41	49	22	118	4	1	1	152	4	152	30	26	39	39	27
t	48	48	41	26	12	5	2	9	8	163	9	10	96	41	42	55
//
; oligos_7nt_mkv2_m2 versus oligos_6nt_mkv2_m2; m=3/5; ncol2=13; w=13; offset=2; strand=D; shift=2; score=0.802406; --wagCACGTGsgwr-
; cor=<NA>; Ncor=<NA>
a	0	0	50	67	20	3	175	3	1	3	5	19	36	53	50	0
c	0	0	32	40	35	167	0	166	3	2	2	45	30	42	36	0
g	0	0	44	33	111	3	2	3	171	1	164	91	72	31	54	0
t	0	0	51	37	11	4	0	5	2	171	6	22	39	51	37	0
//
; oligos_7nt_mkv2_m2 versus oligos_6nt_mkv2_m1_rc; m=4/5; ncol2=12; w=12; offset=2; strand=R; shift=2; score=0.70784; --dasCACGTGsth--
; cor=<NA>; Ncor=<NA>
a	0	0	61	66	28	6	205	1	5	1	1	18	49	57	0	0
c	0	0	38	47	57	200	1	202	0	1	1	105	47	52	0	0
g	0	0	52	46	105	1	1	0	202	1	200	59	47	39	0	0
t	0	0	57	49	18	1	1	5	1	205	6	26	65	60	0	0
//
; oligos_7nt_mkv2_m2 versus positions_6nt_rc; m=5/5; ncol2=10; w=10; offset=2; strand=R; shift=2; score=0.588978; --rwGCACGTgs----
; cor=<NA>; Ncor=<NA>
a	0	0	41	40	5	0	125	0	0	0	28	24	0	0	0	0
c	0	0	30	29	0	120	3	136	0	0	8	39	0	0	0	0
g	0	0	36	22	129	0	1	0	136	2	80	45	0	0	0	0
t	0	0	29	45	2	16	7	0	0	134	20	28	0	0	0	0
//
;
