; One-to-n matrix alignment; reference matrix: oligos_7nt_mkv4_shift1	; 6 matrices	; sort_field=Ncor
; oligos_7nt_mkv4; m=0 (reference); ncol1=12; shift=1; ncol=14; -arGCACGTGCyt-
; Alignment reference
a	0	76	79	12	6	243	2	5	0	1	19	54	61	0
c	0	55	53	42	239	3	237	4	2	2	175	62	56	0
g	0	56	62	175	2	2	4	237	3	239	42	53	55	0
t	0	61	54	19	1	0	5	2	243	6	12	79	76	0
//
; oligos_7nt_mkv4 versus positions_7nt; m=1/5; ncol2=12; w=12; offset=0; strand=D; shift=1; score=      1; -arGCACGTGCyt-
; cor=<NA>; Ncor=<NA>
a	0	76	79	12	6	243	2	5	0	1	19	54	61	0
c	0	55	53	42	239	3	237	4	2	2	175	62	56	0
g	0	56	62	175	2	2	4	237	3	239	42	53	55	0
t	0	61	54	19	1	0	5	2	243	6	12	79	76	0
//
; oligos_7nt_mkv4 versus oligos_7nt_mkv4; m=2/5; ncol2=12; w=12; offset=0; strand=D; shift=1; score=      1; -arGCACGTGCyt-
; cor=<NA>; Ncor=<NA>
a	0	76	79	12	6	243	2	5	0	1	19	54	61	0
c	0	55	53	42	239	3	237	4	2	2	175	62	56	0
g	0	56	62	175	2	2	4	237	3	239	42	53	55	0
t	0	61	54	19	1	0	5	2	243	6	12	79	76	0
//
; oligos_7nt_mkv4 versus positions_6nt_m1; m=3/5; ncol2=12; w=12; offset=0; strand=D; shift=1; score=0.95691; -wvsCACGTGCtt-
; cor=<NA>; Ncor=<NA>
a	0	60	54	12	5	201	1	5	1	3	5	48	46	0
c	0	39	54	121	196	2	202	5	1	1	160	47	47	0
g	0	48	51	52	0	0	1	190	1	199	26	40	44	0
t	0	57	45	19	3	1	0	4	201	1	13	69	67	0
//
; oligos_7nt_mkv4 versus oligos_6nt_mkv3_m2_rc; m=4/5; ncol2=13; w=12; offset=0; strand=R; shift=1; score=0.908621; -wasCACGTGctwr
; cor=<NA>; Ncor=<NA>
a	0	129	127	74	20	415	6	13	5	11	31	104	109	114
c	0	78	96	121	396	6	410	11	6	6	280	106	104	103
g	0	106	107	166	7	5	8	401	4	403	86	93	82	111
t	0	120	103	72	10	7	9	8	418	13	36	130	138	105
//
; oligos_7nt_mkv4 versus oligos_6nt_mkv3_m1_rc; m=5/5; ncol2=14; w=12; offset=-1; strand=R; shift=0; score=0.849163; warsCACGTGsytw
; cor=<NA>; Ncor=<NA>
a	91	108	104	37	6	335	2	5	3	5	35	75	85	92
c	83	66	76	90	330	3	333	4	2	2	184	88	84	78
g	78	85	90	182	2	2	4	333	3	331	89	77	65	84
t	92	85	74	35	6	4	5	2	336	6	36	104	110	90
//
;
; One-to-n matrix alignment; reference matrix: positions_7nt_shift1	; 6 matrices	; sort_field=Ncor
; positions_7nt; m=0 (reference); ncol1=12; shift=1; ncol=14; -arGCACGTGCyt-
; Alignment reference
a	0	76	79	12	6	243	2	5	0	1	19	54	61	0
c	0	55	53	42	239	3	237	4	2	2	175	62	56	0
g	0	56	62	175	2	2	4	237	3	239	42	53	55	0
t	0	61	54	19	1	0	5	2	243	6	12	79	76	0
//
; positions_7nt versus positions_7nt; m=1/5; ncol2=12; w=12; offset=0; strand=D; shift=1; score=      1; -arGCACGTGCyt-
; cor=<NA>; Ncor=<NA>
a	0	76	79	12	6	243	2	5	0	1	19	54	61	0
c	0	55	53	42	239	3	237	4	2	2	175	62	56	0
g	0	56	62	175	2	2	4	237	3	239	42	53	55	0
t	0	61	54	19	1	0	5	2	243	6	12	79	76	0
//
; positions_7nt versus oligos_7nt_mkv4; m=2/5; ncol2=12; w=12; offset=0; strand=D; shift=1; score=      1; -arGCACGTGCyt-
; cor=<NA>; Ncor=<NA>
a	0	76	79	12	6	243	2	5	0	1	19	54	61	0
c	0	55	53	42	239	3	237	4	2	2	175	62	56	0
g	0	56	62	175	2	2	4	237	3	239	42	53	55	0
t	0	61	54	19	1	0	5	2	243	6	12	79	76	0
//
; positions_7nt versus positions_6nt_m1; m=3/5; ncol2=12; w=12; offset=0; strand=D; shift=1; score=0.95691; -wvsCACGTGCtt-
; cor=<NA>; Ncor=<NA>
a	0	60	54	12	5	201	1	5	1	3	5	48	46	0
c	0	39	54	121	196	2	202	5	1	1	160	47	47	0
g	0	48	51	52	0	0	1	190	1	199	26	40	44	0
t	0	57	45	19	3	1	0	4	201	1	13	69	67	0
//
; positions_7nt versus oligos_6nt_mkv3_m2_rc; m=4/5; ncol2=13; w=12; offset=0; strand=R; shift=1; score=0.908621; -wasCACGTGctwr
; cor=<NA>; Ncor=<NA>
a	0	129	127	74	20	415	6	13	5	11	31	104	109	114
c	0	78	96	121	396	6	410	11	6	6	280	106	104	103
g	0	106	107	166	7	5	8	401	4	403	86	93	82	111
t	0	120	103	72	10	7	9	8	418	13	36	130	138	105
//
; positions_7nt versus oligos_6nt_mkv3_m1_rc; m=5/5; ncol2=14; w=12; offset=-1; strand=R; shift=0; score=0.849163; warsCACGTGsytw
; cor=<NA>; Ncor=<NA>
a	91	108	104	37	6	335	2	5	3	5	35	75	85	92
c	83	66	76	90	330	3	333	4	2	2	184	88	84	78
g	78	85	90	182	2	2	4	333	3	331	89	77	65	84
t	92	85	74	35	6	4	5	2	336	6	36	104	110	90
//
;
; One-to-n matrix alignment; reference matrix: positions_6nt_m1_shift1	; 6 matrices	; sort_field=Ncor
; positions_6nt_m1; m=0 (reference); ncol1=12; shift=1; ncol=14; -wvsCACGTGCtt-
; Alignment reference
a	0	60	54	12	5	201	1	5	1	3	5	48	46	0
c	0	39	54	121	196	2	202	5	1	1	160	47	47	0
g	0	48	51	52	0	0	1	190	1	199	26	40	44	0
t	0	57	45	19	3	1	0	4	201	1	13	69	67	0
//
; positions_6nt_m1 versus positions_6nt_m1; m=1/5; ncol2=12; w=12; offset=0; strand=D; shift=1; score=      1; -wvsCACGTGCtt-
; cor=<NA>; Ncor=<NA>
a	0	60	54	12	5	201	1	5	1	3	5	48	46	0
c	0	39	54	121	196	2	202	5	1	1	160	47	47	0
g	0	48	51	52	0	0	1	190	1	199	26	40	44	0
t	0	57	45	19	3	1	0	4	201	1	13	69	67	0
//
; positions_6nt_m1 versus oligos_7nt_mkv4; m=2/5; ncol2=12; w=12; offset=0; strand=D; shift=1; score=0.95691; -arGCACGTGCyt-
; cor=<NA>; Ncor=<NA>
a	0	76	79	12	6	243	2	5	0	1	19	54	61	0
c	0	55	53	42	239	3	237	4	2	2	175	62	56	0
g	0	56	62	175	2	2	4	237	3	239	42	53	55	0
t	0	61	54	19	1	0	5	2	243	6	12	79	76	0
//
; positions_6nt_m1 versus positions_7nt; m=3/5; ncol2=12; w=12; offset=0; strand=D; shift=1; score=0.95691; -arGCACGTGCyt-
; cor=<NA>; Ncor=<NA>
a	0	76	79	12	6	243	2	5	0	1	19	54	61	0
c	0	55	53	42	239	3	237	4	2	2	175	62	56	0
g	0	56	62	175	2	2	4	237	3	239	42	53	55	0
t	0	61	54	19	1	0	5	2	243	6	12	79	76	0
//
; positions_6nt_m1 versus oligos_6nt_mkv3_m2_rc; m=4/5; ncol2=13; w=12; offset=0; strand=R; shift=1; score=0.907297; -wasCACGTGctwr
; cor=<NA>; Ncor=<NA>
a	0	129	127	74	20	415	6	13	5	11	31	104	109	114
c	0	78	96	121	396	6	410	11	6	6	280	106	104	103
g	0	106	107	166	7	5	8	401	4	403	86	93	82	111
t	0	120	103	72	10	7	9	8	418	13	36	130	138	105
//
; positions_6nt_m1 versus oligos_6nt_mkv3_m1_rc; m=5/5; ncol2=14; w=12; offset=-1; strand=R; shift=0; score=0.83089; warsCACGTGsytw
; cor=<NA>; Ncor=<NA>
a	91	108	104	37	6	335	2	5	3	5	35	75	85	92
c	83	66	76	90	330	3	333	4	2	2	184	88	84	78
g	78	85	90	182	2	2	4	333	3	331	89	77	65	84
t	92	85	74	35	6	4	5	2	336	6	36	104	110	90
//
;
; One-to-n matrix alignment; reference matrix: oligos_6nt_mkv3_m1_shift0	; 6 matrices	; sort_field=Ncor
; oligos_6nt_mkv3_m1; m=0 (reference); ncol1=14; shift=0; ncol=14; warsCACGTGsytw
; Alignment reference
a	90	110	104	36	6	336	2	5	4	6	35	74	85	92
c	84	65	77	89	331	3	333	4	2	2	182	90	85	78
g	78	84	88	184	2	2	4	333	3	330	90	76	66	83
t	92	85	75	35	5	3	5	2	335	6	37	104	108	91
//
; oligos_6nt_mkv3_m1 versus oligos_6nt_mkv3_m1; m=1/5; ncol2=14; w=14; offset=0; strand=D; shift=0; score=      1; warsCACGTGsytw
; cor=<NA>; Ncor=<NA>
a	90	110	104	36	6	336	2	5	4	6	35	74	85	92
c	84	65	77	89	331	3	333	4	2	2	182	90	85	78
g	78	84	88	184	2	2	4	333	3	330	90	76	66	83
t	92	85	75	35	5	3	5	2	335	6	37	104	108	91
//
; oligos_6nt_mkv3_m1 versus oligos_6nt_mkv3_m2; m=2/5; ncol2=13; w=13; offset=0; strand=D; shift=0; score=0.922771; ywagCACGTGstw-
; cor=<NA>; Ncor=<NA>
a	105	138	130	36	13	418	8	9	7	10	72	103	120	0
c	111	82	93	86	403	4	401	8	5	7	166	107	106	0
g	103	104	106	280	6	6	11	410	6	396	121	96	78	0
t	114	109	104	31	11	5	13	6	415	20	74	127	129	0
//
; oligos_6nt_mkv3_m1 versus oligos_7nt_mkv4; m=3/5; ncol2=12; w=12; offset=1; strand=D; shift=1; score=0.849163; -arGCACGTGCyt-
; cor=<NA>; Ncor=<NA>
a	0	76	79	12	6	243	2	5	0	1	19	54	61	0
c	0	55	53	42	239	3	237	4	2	2	175	62	56	0
g	0	56	62	175	2	2	4	237	3	239	42	53	55	0
t	0	61	54	19	1	0	5	2	243	6	12	79	76	0
//
; oligos_6nt_mkv3_m1 versus positions_7nt; m=4/5; ncol2=12; w=12; offset=1; strand=D; shift=1; score=0.849163; -arGCACGTGCyt-
; cor=<NA>; Ncor=<NA>
a	0	76	79	12	6	243	2	5	0	1	19	54	61	0
c	0	55	53	42	239	3	237	4	2	2	175	62	56	0
g	0	56	62	175	2	2	4	237	3	239	42	53	55	0
t	0	61	54	19	1	0	5	2	243	6	12	79	76	0
//
; oligos_6nt_mkv3_m1 versus positions_6nt_m1_rc; m=5/5; ncol2=12; w=12; offset=1; strand=R; shift=1; score=0.83089; -aaGCACGTGsbw-
; cor=<NA>; Ncor=<NA>
a	0	67	69	13	1	201	4	0	1	3	19	45	57	0
c	0	44	40	26	199	1	190	1	0	0	52	51	48	0
g	0	47	47	160	1	1	5	202	2	196	121	54	39	0
t	0	46	48	5	3	1	5	1	201	5	12	54	60	0
//
;
; One-to-n matrix alignment; reference matrix: positions_6nt_m2_shift0	; 2 matrices	; sort_field=Ncor
; positions_6nt_m2; m=0 (reference); ncol1=10; shift=0; ncol=10; ttTTCAAAwd
; Alignment reference
a	32	23	0	0	0	131	131	131	42	48
c	29	31	0	0	131	0	0	0	25	10
g	29	23	0	0	0	0	0	0	26	38
t	41	54	131	131	0	0	0	0	38	35
//
; positions_6nt_m2 versus positions_6nt_m2; m=1/1; ncol2=10; w=10; offset=0; strand=D; shift=0; score=      1; ttTTCAAAwd
; cor=<NA>; Ncor=<NA>
a	32	23	0	0	0	131	131	131	42	48
c	29	31	0	0	131	0	0	0	25	10
g	29	23	0	0	0	0	0	0	26	38
t	41	54	131	131	0	0	0	0	38	35
//
;
; One-to-n matrix alignment; reference matrix: oligos_6nt_mkv3_m2_shift0	; 6 matrices	; sort_field=Ncor
; oligos_6nt_mkv3_m2; m=0 (reference); ncol1=13; shift=0; ncol=14; ywagCACGTGstw-
; Alignment reference
a	105	138	130	36	13	418	8	9	7	10	72	103	120	0
c	111	82	93	86	403	4	401	8	5	7	166	107	106	0
g	103	104	106	280	6	6	11	410	6	396	121	96	78	0
t	114	109	104	31	11	5	13	6	415	20	74	127	129	0
//
; oligos_6nt_mkv3_m2 versus oligos_6nt_mkv3_m2; m=1/5; ncol2=13; w=13; offset=0; strand=D; shift=0; score=      1; ywagCACGTGstw-
; cor=<NA>; Ncor=<NA>
a	105	138	130	36	13	418	8	9	7	10	72	103	120	0
c	111	82	93	86	403	4	401	8	5	7	166	107	106	0
g	103	104	106	280	6	6	11	410	6	396	121	96	78	0
t	114	109	104	31	11	5	13	6	415	20	74	127	129	0
//
; oligos_6nt_mkv3_m2 versus oligos_6nt_mkv3_m1; m=2/5; ncol2=14; w=13; offset=0; strand=D; shift=0; score=0.922771; warsCACGTGsytw
; cor=<NA>; Ncor=<NA>
a	90	110	104	36	6	336	2	5	4	6	35	74	85	92
c	84	65	77	89	331	3	333	4	2	2	182	90	85	78
g	78	84	88	184	2	2	4	333	3	330	90	76	66	83
t	92	85	75	35	5	3	5	2	335	6	37	104	108	91
//
; oligos_6nt_mkv3_m2 versus oligos_7nt_mkv4; m=3/5; ncol2=12; w=12; offset=1; strand=D; shift=1; score=0.908621; -arGCACGTGCyt-
; cor=<NA>; Ncor=<NA>
a	0	76	79	12	6	243	2	5	0	1	19	54	61	0
c	0	55	53	42	239	3	237	4	2	2	175	62	56	0
g	0	56	62	175	2	2	4	237	3	239	42	53	55	0
t	0	61	54	19	1	0	5	2	243	6	12	79	76	0
//
; oligos_6nt_mkv3_m2 versus positions_7nt; m=4/5; ncol2=12; w=12; offset=1; strand=D; shift=1; score=0.908621; -arGCACGTGCyt-
; cor=<NA>; Ncor=<NA>
a	0	76	79	12	6	243	2	5	0	1	19	54	61	0
c	0	55	53	42	239	3	237	4	2	2	175	62	56	0
g	0	56	62	175	2	2	4	237	3	239	42	53	55	0
t	0	61	54	19	1	0	5	2	243	6	12	79	76	0
//
; oligos_6nt_mkv3_m2 versus positions_6nt_m1_rc; m=5/5; ncol2=12; w=12; offset=1; strand=R; shift=1; score=0.907297; -aaGCACGTGsbw-
; cor=<NA>; Ncor=<NA>
a	0	67	69	13	1	201	4	0	1	3	19	45	57	0
c	0	44	40	26	199	1	190	1	0	0	52	51	48	0
g	0	47	47	160	1	1	5	202	2	196	121	54	39	0
t	0	46	48	5	3	1	5	1	201	5	12	54	60	0
//
;
